crossing time (s)	slope (V/s)	crossing number
281474976710655.000000	16.888811	13568	0.000000
281474976710655.000000	17.078791	13569	0.000000
281474976710655.000000	17.212893	13570	0.000000
281474976710655.000000	17.840034	13571	0.000000
281474976710655.000000	17.015947	13572	0.000000
281474976710655.000000	17.315813	13573	0.000000
281474976710655.000000	16.955416	13574	0.000000
281474976710655.000000	17.606655	13575	0.000000
281474976710655.000000	17.419296	13576	0.000000
281474976710655.000000	17.256351	13577	0.000000
281474976710655.000000	16.947233	13578	0.000000
281474976710655.000000	16.980001	13579	0.000000
281474976710655.000000	16.796688	13580	0.000000
281474976710655.000000	17.061148	13581	0.000000
281474976710655.000000	17.417210	13582	0.000000
281474976710655.000000	17.074852	13583	0.000000
281474976710655.000000	17.184954	13584	0.000000
281474976710655.000000	16.904068	13585	0.000000
281474976710655.000000	17.173729	13586	0.000000
281474976710655.000000	17.210228	13587	0.000000
281474976710655.000000	16.873610	13588	0.000000
281474976710655.000000	17.170782	13589	0.000000
281474976710655.000000	16.781078	13590	0.000000
281474976710655.000000	17.140066	13591	0.000000
281474976710655.000000	16.779549	13592	0.000000
281474976710655.000000	16.440958	13593	0.000000
281474976710655.000000	17.485592	13594	0.000000
281474976710655.000000	16.867487	13595	0.000000
281474976710655.000000	17.369551	13596	0.000000
281474976710655.000000	16.607191	13597	0.000000
281474976710655.000000	17.075638	13598	0.000000
281474976710655.000000	16.866663	13599	0.000000
281474976710655.000000	16.619930	13600	0.000000
281474976710655.000000	16.569292	13601	0.000000
281474976710655.000000	16.633015	13602	0.000000
281474976710655.000000	16.545481	13603	0.000000
281474976710655.000000	16.493572	13604	0.000000
281474976710655.000000	16.771854	13605	0.000000
281474976710655.000000	16.370617	13606	0.000000
281474976710655.000000	16.652164	13607	0.000000
281474976710655.000000	16.445776	13608	0.000000
281474976710655.000000	16.798250	13609	0.000000
281474976710655.000000	17.358114	13610	0.000000
281474976710655.000000	16.613785	13611	0.000000
281474976710655.000000	16.505875	13612	0.000000
281474976710655.000000	16.767666	13613	0.000000
281474976710655.000000	16.299520	13614	0.000000
281474976710655.000000	17.026672	13615	0.000000
281474976710655.000000	16.583035	13616	0.000000
281474976710655.000000	16.181957	13617	0.000000
281474976710655.000000	16.444029	13618	0.000000
281474976710655.000000	16.339956	13619	0.000000
281474976710655.000000	16.411663	13620	0.000000
281474976710655.000000	16.447245	13621	0.000000
281474976710655.000000	16.341957	13622	0.000000
281474976710655.000000	15.809451	13623	0.000000
281474976710655.000000	16.006659	13624	0.000000
281474976710655.000000	15.663689	13625	0.000000
281474976710655.000000	16.634386	13626	0.000000
281474976710655.000000	16.139212	13627	0.000000
281474976710655.000000	16.264307	13628	0.000000
281474976710655.000000	16.410852	13629	0.000000
281474976710655.000000	15.954989	13630	0.000000
281474976710655.000000	16.155821	13631	0.000000
281474976710655.000000	16.617975	13632	0.000000
281474976710655.000000	16.548506	13633	0.000000
281474976710655.000000	16.210531	13634	0.000000
281474976710655.000000	16.164019	13635	0.000000
281474976710655.000000	16.348145	13636	0.000000
281474976710655.000000	16.105923	13637	0.000000
281474976710655.000000	15.905663	13638	0.000000
281474976710655.000000	16.389500	13639	0.000000
281474976710655.000000	15.739013	13640	0.000000
281474976710655.000000	15.899594	13641	0.000000
281474976710655.000000	16.378317	13642	0.000000
281474976710655.000000	16.303648	13643	0.000000
281474976710655.000000	15.644312	13644	0.000000
281474976710655.000000	15.962022	13645	0.000000
281474976710655.000000	15.932867	13646	0.000000
281474976710655.000000	15.579204	13647	0.000000
281474976710655.000000	15.814043	13648	0.000000
281474976710655.000000	15.359065	13649	0.000000
281474976710655.000000	15.890402	13650	0.000000
281474976710655.000000	16.113894	13651	0.000000
281474976710655.000000	15.963276	13652	0.000000
281474976710655.000000	16.043018	13653	0.000000
281474976710655.000000	15.977717	13654	0.000000
281474976710655.000000	15.447497	13655	0.000000
281474976710655.000000	14.968937	13656	0.000000
281474976710655.000000	15.637416	13657	0.000000
281474976710655.000000	15.726489	13658	0.000000
281474976710655.000000	15.732019	13659	0.000000
281474976710655.000000	15.649007	13660	0.000000
281474976710655.000000	15.547919	13661	0.000000
281474976710655.000000	14.858694	13662	0.000000
281474976710655.000000	15.962541	13663	0.000000
281474976710655.000000	15.256238	13664	0.000000
281474976710655.000000	15.323779	13665	0.000000
281474976710655.000000	15.545008	13666	0.000000
281474976710655.000000	15.257553	13667	0.000000
281474976710655.000000	15.547269	13668	0.000000
281474976710655.000000	15.738001	13669	0.000000
281474976710655.000000	15.427092	13670	0.000000
281474976710655.000000	15.477407	13671	0.000000
281474976710655.000000	15.114982	13672	0.000000
281474976710655.000000	15.232038	13673	0.000000
281474976710655.000000	15.241924	13674	0.000000
281474976710655.000000	15.475953	13675	0.000000
281474976710655.000000	15.353509	13676	0.000000
281474976710655.000000	15.598871	13677	0.000000
281474976710655.000000	15.169528	13678	0.000000
281474976710655.000000	15.177658	13679	0.000000
281474976710655.000000	15.364448	13680	0.000000
281474976710655.000000	15.232905	13681	0.000000
281474976710655.000000	15.519947	13682	0.000000
281474976710655.000000	15.051300	13683	0.000000
281474976710655.000000	14.757592	13684	0.000000
281474976710655.000000	15.283318	13685	0.000000
281474976710655.000000	14.712574	13686	0.000000
281474976710655.000000	14.799931	13687	0.000000
281474976710655.000000	15.014774	13688	0.000000
281474976710655.000000	15.412297	13689	0.000000
281474976710655.000000	14.925404	13690	0.000000
281474976710655.000000	15.599647	13691	0.000000
281474976710655.000000	15.177068	13692	0.000000
281474976710655.000000	15.086550	13693	0.000000
281474976710655.000000	15.330737	13694	0.000000
281474976710655.000000	15.632326	13695	0.000000
281474976710655.000000	14.983534	13696	0.000000
281474976710655.000000	15.166678	13697	0.000000
281474976710655.000000	14.633606	13698	0.000000
281474976710655.000000	14.760433	13699	0.000000
281474976710655.000000	14.835982	13700	0.000000
281474976710655.000000	14.687809	13701	0.000000
281474976710655.000000	15.236857	13702	0.000000
281474976710655.000000	15.436615	13703	0.000000
281474976710655.000000	14.370594	13704	0.000000
281474976710655.000000	14.859542	13705	0.000000
281474976710655.000000	14.745222	13706	0.000000
281474976710655.000000	15.317377	13707	0.000000
281474976710655.000000	14.735981	13708	0.000000
281474976710655.000000	15.034853	13709	0.000000
281474976710655.000000	14.681409	13710	0.000000
281474976710655.000000	15.483416	13711	0.000000
281474976710655.000000	14.776403	13712	0.000000
281474976710655.000000	14.636295	13713	0.000000
281474976710655.000000	14.693470	13714	0.000000
281474976710655.000000	14.468952	13715	0.000000
281474976710655.000000	14.024215	13716	0.000000
281474976710655.000000	14.599751	13717	0.000000
281474976710655.000000	14.603806	13718	0.000000
281474976710655.000000	14.302437	13719	0.000000
281474976710655.000000	14.858220	13720	0.000000
281474976710655.000000	14.941772	13721	0.000000
281474976710655.000000	14.092338	13722	0.000000
281474976710655.000000	14.560015	13723	0.000000
281474976710655.000000	14.389121	13724	0.000000
281474976710655.000000	14.405040	13725	0.000000
281474976710655.000000	14.121035	13726	0.000000
281474976710655.000000	14.738454	13727	0.000000
281474976710655.000000	14.460938	13728	0.000000
281474976710655.000000	14.045452	13729	0.000000
281474976710655.000000	14.594852	13730	0.000000
281474976710655.000000	14.603631	13731	0.000000
281474976710655.000000	14.171300	13732	0.000000
281474976710655.000000	14.774870	13733	0.000000
281474976710655.000000	14.687346	13734	0.000000
281474976710655.000000	14.456717	13735	0.000000
281474976710655.000000	13.865567	13736	0.000000
281474976710655.000000	13.942410	13737	0.000000
281474976710655.000000	14.098968	13738	0.000000
281474976710655.000000	14.015637	13739	0.000000
281474976710655.000000	13.864198	13740	0.000000
281474976710655.000000	14.357707	13741	0.000000
281474976710655.000000	14.288097	13742	0.000000
281474976710655.000000	14.158658	13743	0.000000
281474976710655.000000	14.121466	13744	0.000000
281474976710655.000000	13.873903	13745	0.000000
281474976710655.000000	13.948774	13746	0.000000
281474976710655.000000	13.981375	13747	0.000000
281474976710655.000000	14.459223	13748	0.000000
281474976710655.000000	14.148881	13749	0.000000
281474976710655.000000	13.902590	13750	0.000000
281474976710655.000000	13.778950	13751	0.000000
281474976710655.000000	13.853864	13752	0.000000
281474976710655.000000	14.368258	13753	0.000000
281474976710655.000000	13.609658	13754	0.000000
281474976710655.000000	14.152507	13755	0.000000
281474976710655.000000	13.939130	13756	0.000000
281474976710655.000000	13.826649	13757	0.000000
281474976710655.000000	13.668631	13758	0.000000
281474976710655.000000	13.781507	13759	0.000000
281474976710655.000000	13.685010	13760	0.000000
281474976710655.000000	13.453299	13761	0.000000
281474976710655.000000	13.606625	13762	0.000000
281474976710655.000000	13.953345	13763	0.000000
281474976710655.000000	14.158162	13764	0.000000
281474976710655.000000	13.830005	13765	0.000000
281474976710655.000000	13.812726	13766	0.000000
281474976710655.000000	13.890664	13767	0.000000
281474976710655.000000	13.908948	13768	0.000000
281474976710655.000000	13.699256	13769	0.000000
281474976710655.000000	13.349324	13770	0.000000
281474976710655.000000	13.816683	13771	0.000000
281474976710655.000000	13.744215	13772	0.000000
281474976710655.000000	14.039108	13773	0.000000
281474976710655.000000	13.697213	13774	0.000000
281474976710655.000000	13.298318	13775	0.000000
281474976710655.000000	13.820600	13776	0.000000
281474976710655.000000	13.279015	13777	0.000000
281474976710655.000000	13.453232	13778	0.000000
281474976710655.000000	13.439252	13779	0.000000
281474976710655.000000	13.354271	13780	0.000000
281474976710655.000000	13.362751	13781	0.000000
281474976710655.000000	13.807205	13782	0.000000
281474976710655.000000	14.021099	13783	0.000000
281474976710655.000000	13.751197	13784	0.000000
281474976710655.000000	13.578700	13785	0.000000
281474976710655.000000	13.542850	13786	0.000000
281474976710655.000000	13.171294	13787	0.000000
281474976710655.000000	13.576721	13788	0.000000
281474976710655.000000	13.505479	13789	0.000000
281474976710655.000000	13.266172	13790	0.000000
281474976710655.000000	13.184014	13791	0.000000
281474976710655.000000	13.754341	13792	0.000000
281474976710655.000000	13.722932	13793	0.000000
281474976710655.000000	13.141221	13794	0.000000
281474976710655.000000	13.289164	13795	0.000000
281474976710655.000000	13.073793	13796	0.000000
281474976710655.000000	13.429392	13797	0.000000
281474976710655.000000	13.404362	13798	0.000000
281474976710655.000000	13.520659	13799	0.000000
281474976710655.000000	12.966125	13800	0.000000
281474976710655.000000	13.135943	13801	0.000000
281474976710655.000000	12.787140	13802	0.000000
281474976710655.000000	13.478595	13803	0.000000
281474976710655.000000	12.838759	13804	0.000000
281474976710655.000000	13.004885	13805	0.000000
281474976710655.000000	12.982149	13806	0.000000
281474976710655.000000	13.064269	13807	0.000000
281474976710655.000000	13.132075	13808	0.000000
281474976710655.000000	13.021588	13809	0.000000
281474976710655.000000	13.498985	13810	0.000000
281474976710655.000000	13.284501	13811	0.000000
281474976710655.000000	13.076800	13812	0.000000
281474976710655.000000	13.124856	13813	0.000000
281474976710655.000000	12.765690	13814	0.000000
281474976710655.000000	13.329785	13815	0.000000
281474976710655.000000	12.728613	13816	0.000000
281474976710655.000000	12.730959	13817	0.000000
281474976710655.000000	12.864447	13818	0.000000
281474976710655.000000	12.904572	13819	0.000000
281474976710655.000000	13.010633	13820	0.000000
281474976710655.000000	13.142706	13821	0.000000
281474976710655.000000	12.753770	13822	0.000000
281474976710655.000000	12.812239	13823	0.000000
281474976710655.000000	12.436680	13824	0.000000
281474976710655.000000	12.912108	13825	0.000000
281474976710655.000000	12.460143	13826	0.000000
281474976710655.000000	12.838149	13827	0.000000
281474976710655.000000	12.988914	13828	0.000000
281474976710655.000000	12.948269	13829	0.000000
281474976710655.000000	12.921103	13830	0.000000
281474976710655.000000	13.016392	13831	0.000000
281474976710655.000000	13.220353	13832	0.000000
281474976710655.000000	12.730979	13833	0.000000
281474976710655.000000	12.740968	13834	0.000000
281474976710655.000000	12.539642	13835	0.000000
281474976710655.000000	13.103571	13836	0.000000
281474976710655.000000	12.692170	13837	0.000000
281474976710655.000000	12.801374	13838	0.000000
281474976710655.000000	13.025605	13839	0.000000
281474976710655.000000	12.394300	13840	0.000000
281474976710655.000000	12.385373	13841	0.000000
281474976710655.000000	12.632371	13842	0.000000
281474976710655.000000	12.589147	13843	0.000000
281474976710655.000000	12.619511	13844	0.000000
281474976710655.000000	12.303026	13845	0.000000
281474976710655.000000	12.573950	13846	0.000000
281474976710655.000000	12.623378	13847	0.000000
281474976710655.000000	12.641055	13848	0.000000
281474976710655.000000	12.681879	13849	0.000000
281474976710655.000000	12.376827	13850	0.000000
281474976710655.000000	12.573450	13851	0.000000
281474976710655.000000	12.295491	13852	0.000000
281474976710655.000000	12.598845	13853	0.000000
281474976710655.000000	12.337334	13854	0.000000
281474976710655.000000	12.421589	13855	0.000000
281474976710655.000000	12.690578	13856	0.000000
281474976710655.000000	12.655134	13857	0.000000
281474976710655.000000	12.233428	13858	0.000000
281474976710655.000000	12.480707	13859	0.000000
281474976710655.000000	12.331454	13860	0.000000
281474976710655.000000	12.572568	13861	0.000000
281474976710655.000000	12.702486	13862	0.000000
281474976710655.000000	12.474201	13863	0.000000
281474976710655.000000	12.403795	13864	0.000000
281474976710655.000000	12.416372	13865	0.000000
281474976710655.000000	12.004407	13866	0.000000
281474976710655.000000	12.799634	13867	0.000000
281474976710655.000000	12.592956	13868	0.000000
281474976710655.000000	12.538290	13869	0.000000
281474976710655.000000	12.010348	13870	0.000000
281474976710655.000000	12.144220	13871	0.000000
281474976710655.000000	12.183753	13872	0.000000
